b = 3.0 *10^-5;
d = 1.1*10^-6;
An = 0.25;
omega1 = 220;
omega2 = 219;
omega3 = 220;
omega4 = 220;
l = 0.225;
m = 0.5;
Izz = 8.11*10^-2;
Ixx = 6.12*10^-2;
Iyy = Ixx;
Jr = (1/2)*(m*0.01^2);



